1926,175.15057,175.960365,176.77016,177.579955,178.38975
1927,185.41669,187.179955,188.94322,190.34077,191.73832
1929,191.11138,191.11138,191.11138,191.11138,191.11138
1930,196.62322,196.688525,196.75383,196.819135,196.88444
1934,173.322,173.322,173.322,173.322,173.322
1935,163.91791,170.0044425,176.090975,182.1775075,188.26404
1936,192.80934,192.80934,192.80934,192.80934,192.80934
1940,159.00689,162.3309725,165.655055,168.9791375,172.30322
1947,174.73261,176.3195475,177.906485,179.4934225,181.08036
1950,173.50485,173.50485,173.50485,173.50485,173.50485
1953,100.8322,152.5938325,176.45669,192.33914,220.15955
1954,190.64118,190.64118,190.64118,190.64118,190.64118
1955,302.62812,302.62812,302.62812,302.62812,302.62812
1956,115.25179,169.09016,183.50975,190.993835,211.33016
1957,159.05914,159.05914,159.05914,159.05914,159.05914
1958,101.77261,122.80771,141.883625,159.29424,295.60118
1959,80.03873,140.38159,147.17342,148.79302,153.70404
1960,127.29424,159.16363,167.18322,188.26404,286.82404
1961,72.33261,150.255875,167.70567,190.94159,223.4771
1962,124.52526,137.788935,143.68608,161.9064875,212.13995
1963,108.19873,130.755465,138.762,153.28608,428.06812
1964,117.4722,157.85751,172.72118,183.17016,270.75873
1965,129.90649,161.48853,164.21832,190.1775025,243.53914
1966,119.06567,134.6934225,167.170155,184.3456675,214.69995
1967,87.58812,148.61016,171.15383,192.65261,349.72689
1968,118.88281,149.28934,177.00526,262.464855,1023.86893
1969,148.03546,180.08771,192.33914,246.72608,632.34567
1970,145.00526,176.63955,193.12281,245.44608,418.53342
1971,151.84934,199.96689,254.85016,288.36526,456.69832
1972,158.77179,180.1595475,225.762815,270.059955,536.0322
1973,139.72853,185.4950575,243.98322,349.71383,591.62077
1974,162.29832,190.1252625,208.69179,248.7962825,425.03791
1975,130.0371,221.7987275,257.61914,293.0673025,663.24853
1976,38.3473,169.52118,216.34567,265.795465,307.04281
1977,95.76444,189.139135,207.85587,297.09016,575.58159
1978,141.08689,188.68853,231.48363,281.6322,468.00934
1979,125.85751,183.8885225,218.435465,249.24036,411.92444
1980,63.52934,152.0322025,216.80281,252.32281,355.18649
1981,1.2273,161.788935,205.17832,261.609345,451.02975
1982,73.09016,188.166075,231.810155,287.8689375,1030.19057
1983,34.32444,174.21016,219.76771,295.013425,441.52118
1984,74.762,193.5081225,230.66077,263.8036275,693.57669
1985,84.03546,180.8387275,235.506485,284.1464825,492.30322
1986,136.77669,187.0624,235.41506,269.94893,424.22812
1987,61.83138,165.615875,243.01669,283.9571,512.1824
1988,68.362,166.73914,207.62077,259.60444,519.8624
1989,61.83138,171.2322025,238.301585,291.212605,471.43138
1990,77.60934,174.0991375,221.13914,279.241995,573.67465
1991,78.05342,174.32771,235.7024,286.850155,524.87791
1992,100.23138,216.2738325,256.40444,313.044445,743.36608
1993,10.34404,180.590565,235.140775,274.402815,652.40771
1994,52.32281,168.515465,230.53016,268.79955,933.642
1995,50.15465,185.403625,226.66404,297.495055,625.57995
1996,46.00118,180.79302,225.43628,280.31955,614.00771
1997,19.12118,170.1742375,222.96771,280.724445,1394.75546
1998,3.99628,198.595465,240.09098,297.481995,1400.37179
1999,13.58322,190.09914,230.56934,280.78975,521.56036
2000,17.73669,173.2240375,223.137505,275.68934,1598.1971
2001,33.09669,186.56608,231.60118,282.61832,1071.882
2002,7.13098,182.08608,232.13669,276.89751,569.20771
2003,24.92036,180.01587,223.960365,266.59873,617.82159
2004,11.59791,185.8673,227.64363,274.3440375,575.79057
2005,1.04444,184.54812,225.14893,278.2558725,621.7922
2006,45.45261,184.8877125,230.412605,281.926075,589.87057
2007,27.68934,198.3473,231.33995,275.9571,834.66404
2008,23.87546,188.29016,226.40281,273.08363,711.70567
2009,47.28118,188.6819925,225.540775,278.308115,759.09179
2010,46.21016,195.99628,236.53832,274.794645,550.97424
